LINES
-25582 -12574 -25581 -13468
-25490 -13950 -25489 -14764
-25473 -14920 -25472 -16072
-25472 -16072 -25471 -17360
-25452 -5705 -25451 -6452
-25387 -17360 -25385 -19792
-25385 -12062 -25383 -14193
-25374 -14193 -25373 -14920
-25374 -6452 -25372 -7681
-25365 -7681 -25360 -11770
-25201 -19804 -23558 -19802
-24844 -15684 -23692 -15682
-23692 -15837 -24844 -15839
-23558 -19831 -24197 -19831
-21802 -19826 -16128 -19819
-21757 -19938 -21802 -19826
-21488 -19815 -21757 -19938
-21487 -19980 -21488 -19815
-19609 -19838 -20818 -19840
-18297 -18630 -18259 -18332
-18282 -18330 -18282 -17668
-17299 -6850 -17300 -5279
-16649 -17210 -16650 -16578
-16301 -6849 -17299 -6850
-16277 -17675 -16277 -17241
-16255 -16578 -16256 -16049
-16120 -13555 -16121 -12442
-16012 -19932 -16015 -17111
-15996 -4933 -25421 -4944
-15989 -17241 -16001 -6277
-15854 -12120 -15855 -11586
